260 842 724 183
  2.19460  -2.77380  -0.41340   1.40000
  3.43780  -2.24320   0.11990   1.54800
  3.54770  -0.75800  -0.23810   1.54800
  3.76790  -0.40980  -1.39530   1.34800
  4.62090  -3.06890  -0.39440   1.54800
  5.92380  -2.63270   0.27560   1.54800
  4.37290  -4.56360  -0.19370   1.54800
  3.38790   0.07490   0.78250   1.40000
  3.46770   1.51230   0.59200   1.54800
  2.73160   2.25400   1.71040   1.54800
  3.34560   2.67260   2.69020   1.34800
  1.42600   2.39440   1.52550   1.40000
  0.60090   3.07720   2.50660   1.54800
 -0.83310   2.54820   2.41750   1.54800
 -1.31750   2.23720   1.33040   1.34800
  0.67990   4.58900   2.27720   1.54800
 -1.47250   2.46690   3.57480   1.40000
 -2.84020   1.98090   3.64270   1.54800
 -2.91670   0.82260   4.63710   1.54800
 -2.53480   0.96730   5.79610   1.34800
 -3.80120   3.12890   3.95980   1.54800
 -5.25250   2.66090   3.84130   1.54800
 -5.85000   2.36990   5.21950   1.54800
 -6.09170   3.66600   3.05370   1.54800
 -3.41520  -0.30450   4.14790   1.40000
 -3.54860  -1.48940   4.98190   1.54800
 -2.64180  -2.59300   4.43680   1.54800
 -2.79470  -3.02330   3.29580   1.34800
 -5.01750  -1.91500   5.03040   1.54800
 -1.71160  -3.02090   5.27970   1.40000
 -0.77970  -4.06720   4.89760   1.54800
  0.61760  -3.71270   5.41360   1.54800
  0.83590  -3.63280   6.62050   1.34800
 -1.27640  -5.42250   5.40550   1.54800
 -2.63310  -5.77380   4.79310   1.54800
 -0.24910  -6.52240   5.12750   1.54800
  1.52800  -3.50830   4.47160   1.40000
  2.89890  -3.16310   4.81490   1.54800
  3.16270  -1.70760   4.43000   1.54800
  2.73320  -1.25330   3.37290   1.34800
  3.86590  -4.14310   4.15110   1.54800
  5.28160  -3.97970   4.71090   1.54800
  3.37820  -5.58560   4.30680   1.54800
  3.87180  -1.01600   5.31140   1.40000
  4.20240   0.38020   5.07620   1.54800
  3.82750   1.20130   6.31070   1.54800
  4.26010   0.89640   7.42100   1.34800
  5.67770   0.51430   4.69710   1.54800
  5.93460  -0.04310   3.29580   1.54800
  6.14260   1.96630   4.80320   1.54800
  3.02350   2.23030   6.07530   1.40000
  2.58470   3.09700   7.15610   1.54800
  1.05960   3.20120   7.08780   1.54800
  0.49350   3.41910   6.01790   1.34800
  3.28090   4.45950   7.08110   1.54800
  2.66210   5.52310   7.99150   1.54800
  2.97280   5.80120   9.26590   1.54800
  1.62690   6.44790   7.68430   1.54800
  2.19910   6.83260   9.76050   1.40000
  1.34400   7.23620   8.74290   1.54800
  0.92530   6.60380   6.47120   1.54800
  0.37270   8.24350   8.74620   1.54800
 -0.04880   7.60920   6.47550   1.54800
 -0.33960   8.42180   7.56470   1.54800
  0.43350   3.04170   8.24620   1.40000
 -1.01470   3.11390   8.33330   1.54800
 -1.50920   2.09980   9.36760   1.54800
 -1.36120   2.30980  10.56850   1.34800
 -1.46260   4.54990   8.61720   1.54800
 -2.96420   4.59200   8.90540   1.54800
 -3.37310   5.94930   9.48330   1.54800
 -3.77230   4.23400   7.65890   1.54800
 -2.08960   1.02080   8.85820   1.40000
 -2.60820  -0.02750   9.72000   1.54800
 -2.07990  -1.36910   9.20670   1.54800
 -1.71820  -1.48990   8.03570   1.34800
 -4.13560   0.02720   9.79150   1.54800
 -4.68620   1.32740  10.37840   1.54800
 -4.30780   1.95010  11.50230   1.54800
 -5.71700   2.15730   9.86140   1.54800
 -5.03350   3.10440  11.71170   1.40000
 -5.93280   3.22680  10.65780   1.54800
 -6.47670   1.98150   8.68470   1.54800
 -6.88290   4.22370  10.41120   1.54800
 -7.42790   2.97770   8.43740   1.54800
 -7.64870   4.07790   9.25830   1.54800
 -2.05040  -2.34050  10.10650   1.40000
 -1.57000  -3.66880   9.75700   1.54800
 -0.23740  -3.92570  10.46010   1.54800
 -0.21180  -4.35180  11.61350   1.34800
 -2.63820  -4.71930  10.06590   1.54800
 -3.97400  -4.33010   9.42880   1.54800
 -3.93780  -4.53090   7.91230   1.54800
 -5.13450  -5.08780  10.07810   1.54800
  0.83880  -3.65380   9.73480   1.40000
  2.17420  -3.85060  10.27480   1.54800
  3.06960  -2.72810   9.73940   1.54800
  2.78310  -2.14610   8.69520   1.34800
  2.70010  -5.24560   9.94000   1.54800
  1.93230  -6.38050  10.61980   1.54800
  2.14980  -6.91780  11.82810   1.54800
  0.82180  -7.11280  10.11830   1.54800
  1.24860  -7.92570  12.10420   1.40000
  0.40600  -8.04130  11.00410   1.54800
  0.16510  -6.96610   8.87890   1.54800
 -0.66690  -8.91740  10.79660   1.54800
 -0.90880  -7.84100   8.67070   1.54800
 -1.33520  -8.79820   9.58290   1.54800
  4.13550  -2.46340  10.48150   1.40000
  5.07250  -1.42170  10.09610   1.54800
  4.99230  -0.26960  11.10090   1.54800
  5.52440  -0.36440  12.20380   1.34800
  6.48170  -2.00100   9.93850   1.54800
  6.56800  -2.86000   8.67580   1.54800
  7.04310  -2.02920   7.48000   1.54800
  7.44810  -4.08920   8.90840   1.54800
  4.32170   0.79400  10.67850   1.40000
  4.16350   1.96220  11.52870   1.54800
  2.74240   2.49770  11.33710   1.54800
  2.03490   2.07420  10.42490   1.34800
  5.24010   3.00760  11.22550   1.54800
  6.67100   2.48100  11.35590   1.54800
  7.42680   2.40280  12.46000   1.54800
  7.51140   1.96180  10.33110   1.54800
  8.66830   1.87200  12.18530   1.40000
  8.71330   1.59420  10.82450   1.54800
  7.22680   1.80800   8.95960   1.54800
  9.75230   1.05050  10.06290   1.54800
  8.26400   1.26290   8.19760   1.54800
  9.50120   0.88490   8.70690   1.54800
 -2.35510  -2.64100   0.40060   1.40000
 -3.56560  -2.03310  -0.12460   1.54800
 -3.58660  -0.54800   0.24950   1.54800
 -3.78470  -0.19940   1.41040   1.34800
 -4.79480  -2.79270   0.38040   1.54800
 -6.07120  -2.27110  -0.28370   1.54800
 -4.63580  -4.29790   0.16170   1.54800
 -3.37940   0.28620  -0.76020   1.40000
 -3.37030   1.72330  -0.55420   1.54800
 -2.59000   2.43250  -1.66410   1.54800
 -3.17800   2.89870  -2.64020   1.34800
 -1.28060   2.49340  -1.47830   1.40000
 -0.41630   3.13700  -2.45130   1.54800
  0.98580   2.52280  -2.36880   1.54800
  1.44820   2.17060  -1.28660   1.34800
 -0.40370   4.64780  -2.20670   1.54800
  1.61740   2.41460  -3.52760   1.40000
  2.95410   1.84810  -3.60090   1.54800
  2.96340   0.69940  -4.60920   1.54800
  2.59070   0.88150  -5.76680   1.34800
  3.98280   2.94050  -3.90550   1.54800
  5.40310   2.38520  -3.79290   1.54800
  5.98250   2.07550  -5.17400   1.54800
  6.30090   3.33230  -2.99480   1.54800
  3.39370  -0.46060  -4.13250   1.40000
  3.45530  -1.64030  -4.97840   1.54800
  2.48210  -2.69680  -4.44610   1.54800
  2.61170  -3.14790  -3.30920   1.34800
  4.89560  -2.15440  -5.03570   1.54800
  1.53090  -3.05710  -5.29520   1.40000
  0.53670  -4.04900  -4.92580   1.54800
 -0.83730  -3.60710  -5.43510   1.54800
 -1.04830  -3.49970  -6.64360   1.34800
  0.95130  -5.42760  -5.44700   1.54800
  2.28720  -5.86340  -4.83970   1.54800
 -0.14070  -6.46680  -5.18200   1.54800
 -1.73310  -3.36090  -4.49180   1.40000
 -3.07920  -2.92870  -4.83080   1.54800
 -3.25840  -1.46540  -4.42930   1.54800
 -2.80020  -1.04830  -3.36640   1.34800
 -4.10550  -3.85810  -4.17750   1.54800
 -5.50640  -3.60340  -4.73370   1.54800
 -3.70550  -5.32470  -4.34740   1.54800
 -3.92410  -0.72310  -5.30100   1.40000
 -4.16920   0.68930  -5.05350   1.54800
 -3.74590   1.50010  -6.27530   1.54800
 -4.19700   1.23420  -7.39020   1.34800
 -5.63590   0.90450  -4.66890   1.54800
 -5.92580   0.34800  -3.27340   1.54800
 -6.01210   2.38420  -4.75970   1.54800
 -2.88260   2.47470  -6.03190   1.40000
 -2.39210   3.32820  -7.10140   1.54800
 -0.86290   3.33870  -7.03310   1.54800
 -0.28730   3.51090  -5.95930   1.34800
 -3.00540   4.72610  -7.01070   1.54800
 -2.32590   5.76210  -7.90780   1.54800
 -2.61620   6.07420  -9.17810   1.54800
 -1.23650   6.62010  -7.58960   1.54800
 -1.78550   7.06190  -9.66160   1.40000
 -0.90790   7.40210  -8.63990   1.54800
 -0.52770   6.72170  -6.37570   1.54800
  0.12460   8.34990  -8.63390   1.54800
  0.50510   7.66690  -6.36960   1.54800
  0.84330   8.47220  -7.44950   1.54800
 -0.25060   3.15570  -8.19270   1.40000
  1.20230   3.14270  -8.27790   1.54800
  1.63720   2.11200  -9.32310   1.54800
  1.50130   2.34350 -10.52120   1.34800
  1.73400   4.55110  -8.54620   1.54800
  3.23670   4.50910  -8.83430   1.54800
  3.72560   5.84680  -9.39710   1.54800
  4.02140   4.08950  -7.59110   1.54800
  2.14930   0.99660  -8.82700   1.40000
  2.60400  -0.07100  -9.70230   1.54800
  1.99660  -1.38460  -9.20200   1.54800
  1.63040  -1.49700  -8.03370   1.34800
  4.13330  -0.10920  -9.77170   1.54800
  4.76040   1.16360 -10.34530   1.54800
  4.42070   1.82060 -11.46150   1.54800
  5.83900   1.92530  -9.81760   1.54800
  5.21430   2.93100 -11.65750   1.40000
  6.11750   2.98840 -10.60110   1.54800
  6.58660   1.68980  -8.64480   1.54800
  7.12560   3.92280 -10.34580   1.54800
  7.59590   2.62450  -8.38840   1.54800
  7.88100   3.71990  -9.19550   1.54800
  1.91080  -2.34330 -10.11470   1.40000
  1.35260  -3.64480  -9.78040   1.54800
  0.00500  -3.81250 -10.48500   1.54800
 -0.04650  -4.22360 -11.64230   1.34800
  2.35610  -4.75300 -10.09930   1.54800
  3.71170  -4.45150  -9.45880   1.54800
  3.66380  -4.66520  -7.94560   1.54800
  4.82560  -5.26880 -10.11950   1.54800
 -1.05150  -3.48680  -9.75600   1.40000
 -2.39600  -3.59690 -10.29800   1.54800
 -3.22350  -2.42970  -9.75030   1.54800
 -2.90330  -1.87730  -8.70120   1.34800
 -3.00770  -4.96130  -9.97980   1.54800
 -2.30680  -6.13290 -10.67240   1.54800
 -2.55520  -6.63900 -11.88640   1.54800
 -1.24050  -6.93480 -10.17990   1.54800
 -1.71640  -7.69960 -12.17310   1.40000
 -0.88000  -7.87730 -11.07800   1.54800
 -0.57850  -6.84090  -8.93890   1.54800
  0.13760  -8.81690 -10.87880   1.54800
  0.44160  -7.78140  -8.73960   1.54800
  0.81000  -8.75180  -9.66400   1.54800
 -4.27120  -2.09160 -10.48730   1.40000
 -5.14400  -1.00140 -10.09120   1.54800
 -4.99550   0.15660 -11.08030   1.54800
 -5.53390   0.10420 -12.18620   1.34800
 -6.58590  -1.49860  -9.93890   1.54800
 -6.72410  -2.36460  -8.68530   1.54800
 -7.15010  -1.52020  -7.48020   1.54800
 -7.67710  -3.53590  -8.93210   1.54800
 -4.26300   1.17060 -10.64860   1.40000
 -4.03570   2.33860 -11.48350   1.54800
 -2.58370   2.78490 -11.28710   1.54800
 -1.90310   2.31000 -10.38050   1.34800
 -5.04830   3.44450 -11.17010   1.54800
 -6.50670   3.00440 -11.30430   1.54800
 -7.26490   2.98330 -12.40990   1.54800
 -7.37580   2.52550 -10.28760   1.54800
 -8.53920   2.52560 -12.14190   1.40000
 -8.59840   2.23580 -10.78280   1.54800
 -7.10260   2.33890  -8.91640   1.54800
 -9.66820   1.74360 -10.02710   1.54800
 -8.17180   1.84730  -8.15900   1.54800
 -9.43090   1.54840  -8.67110   1.54800
      229       230
      229       231
      229       234
      229       225
      229       228
      229       218
      229       219
      229       224
      230       231
      230       232
      230       233
      230       228
      230       219
      231       233
      231       234
      231       236
      231       228
      231       218
      231       219
      231       224
      232       233
      232       235
      233       235
      233       236
      233       237
      234       236
      234       228
      234       218
      234       224
      235       237
      236       237
      223       220
      223       221
      223       222
      245       242
      245       243
      245       244
      225       226
      225       228
      225       238
      225       218
      225       219
      225       224
      225       227
      226       228
      226       238
      226       224
      226       239
      226       227
      228       238
      228       218
      228       219
      228       224
      238       242
      238       239
      238       240
      238       243
      217       218
      217       219
      217       224
      217       216
      217       220
      217       221
      217       204
      217       222
      217       205
      218       219
      218       224
      218       216
      218       220
      219       224
      219       220
      224       227
      224       162
      216       220
      216       221
      216       203
      216       204
      216       206
      220       221
      220       222
      221       204
      221       222
      242       239
      242       240
      242       241
      242       243
      242       244
      257       254
      257       255
      257       259
      239       240
      239       241
      239       246
      239       243
      239       227
      239       244
      240       241
      240       246
      240       251
      240       253
      240       247
      240       250
      241       246
      241       251
      241       252
      241       247
      246       251
      246       253
      246       256
      246       247
      246       248
      246       250
      246       249
      246       176
      196       202
      196       203
      196       207
      196       208
      196       197
      196       199
      196       194
      196       195
      196       198
      196       201
      202       203
      202       204
      202       206
      202       207
      202       149
      202       205
      202       195
      203       204
      203       206
      203       207
      203       208
      203       197
      203       205
      204       206
      204       205
      206       207
      206       208
      206       212
      207       208
      207       209
      207       197
      207       212
      208       209
      208       197
      208       210
      208       211
      209       211
      209       212
      209       201
      209       214
      251       252
      251       253
      251       256
      251       247
      251       250
      252       253
      252       254
      252       255
      252       250
      253       255
      253       256
      253       250
      253       258
      254       255
      255       258
      255       259
      256       250
      256       258
      256       176
      247       248
      247       250
      248       250
      248       249
      249       181
      249       194
      197       199
      197       194
      197       195
      197       198
      199       200
      199       195
      199       198
      199       201
      210       211
      210       213
      211       213
      211       215
      211       214
      213       215
      215       214
      186       188
      186       184
      186       185
      186       187
      186       189
      188       189
      188       191
      200       198
      200       201
      163       165
      163       161
      163       162
      163       159
      163       164
      163       160
      163       156
      165       161
      165       162
      165       164
      165       160
      243       244
      227       162
      161       162
      161       159
      161       172
      161       167
      161       160
      161       166
      162       159
      162       167
      162       160
      159       205
      159       164
      159       160
      159       155
      159       156
      159       157
      222       164
      244       258
      258       259
      173       174
      173       175
      173       176
      173       167
      173       171
      173       168
      173       169
      173       177
      173       178
      174       175
      174       176
      174       180
      174       168
      174       169
      174       177
      174       178
      174       179
      174       140
      175       176
      175       180
      175       181
      175       177
      175       179
      176       181
      176       177
      176       179
      149       155
      149       147
      149       148
      149       146
      149       150
      152       212
      152       214
      152       148
      152       150
      152       151
      152       153
      212       201
      212       214
      180       181
      180       184
      180       182
      180       183
      180       179
      181       184
      181       185
      181       182
      181       183
      181       194
      184       185
      184       182
      184       183
      184       187
      184       190
      185       182
      185       194
      185       187
      185       190
      182       183
      182       194
      182       195
      182       198
      182       187
      182       190
      183       195
      183       190
      183       146
      194       195
      194       198
      195       198
      195       201
      198       201
      187       189
      187       190
      187       192
      189       191
      189       192
      189       193
      190       192
      191       193
      192       193
      172       167
      172       170
      172       171
      172       166
      164       160
      164       156
      164       157
      167       170
      167       171
      167       166
      167       168
      167       169
      170       171
      170       166
      170       168
      171       168
      160       166
      160       156
      160       157
      166       168
      166       169
      155       156
      155       157
      155       158
      155       148
      155       154
      156       157
      156       158
      156       154
      157       158
      157       154
      157         0
      158       154
      168       169
      168       178
      169       178
      169       131
      169       137
      177       178
      177       179
      178       179
        3       147
        3       154
        3         0
        3         1
        3         4
        3         2
        3         8
      147       148
      147       154
      147       143
      147       146
      147       150
      147       151
      147       144
      148       154
      148       146
      148       150
      148       151
      139       140
      139       141
      139       142
      139       145
      139       137
      139       138
      139        14
      140       141
      140       142
      140       145
      140       138
      141       142
      141       143
      141       145
      141       138
      141        14
      141       144
      142       143
      142       145
      142       146
      142       144
      143       145
      143       146
      143       144
      146       150
      150       151
      150       153
      151       153
      135       131
      135       134
      135       136
      135       132
      130       131
      130       134
      130       136
      130       132
      130       133
      130        27
      131       134
      131       136
      131       132
      131       133
      131       137
      134       136
      134       132
      134       133
        0         1
        0         4
        0         6
        0         2
        1         4
        1         6
        1         5
        1         2
        1         7
        1        39
        4         6
        4         5
        4         2
        6         5
        5         2
      132       133
      132       137
      132       138
      133       138
      133        17
      133        24
      137       138
      138        14
        2         7
        2         8
        7         8
        7         9
        7        39
        8         9
        8        11
        8       144
        8        10
       14        11
       14        17
       14        12
       14        13
       15         9
       15        11
       15        12
       15        13
       15        10
        9        11
        9       144
        9        12
        9        10
       11       144
       11        12
       11        13
       11        10
       34        33
       34        35
       34        26
       34        27
       34        29
       34        30
       34        92
       33        35
       33        26
       33        29
       33        30
       33        31
       33        32
       35        30
       35        31
       35        32
       42        31
       42        36
       42        37
       42        40
       42        41
       26        27
       26        28
       26        29
       26        30
       26        24
       26        25
       27        28
       27        29
       27        30
       27        24
       27        25
       28        24
       28        25
       29        30
       29        31
       29        25
       29        32
       29        75
       30        31
       30        36
       30        32
       31        36
       31        37
       31        32
       36        37
       36        38
       36        40
       36        39
       37        38
       37        40
       37        41
       37        39
       37        43
       37        32
       38        40
       38        41
       38        39
       38        43
       38        44
       38        48
       40        41
       41        43
       17        18
       17        19
       17        24
       17        20
       17        21
       17        13
       17        16
       18        19
       18        24
       18        25
       18        20
       18        21
       18        22
       18        16
       19        25
       19        20
       19        16
       19        72
       24        25
       39        43
       39        44
       39        48
       43        44
       43        47
       43        48
       43        45
       43        46
       44        47
       44        48
       44        49
       44        10
       44        45
       44        46
       44        50
       47        48
       47        49
       47        45
       47        46
       48        49
       49        45
       49        46
       49        50
       23        20
       23        21
       23        22
       20        21
       20        22
       20        16
       21        22
       22        82
       22        84
       12        13
       12        16
       12        10
       13        16
       16        53
       53        52
       53        65
       53        50
       53        51
       53        54
       53        60
      104       106
      104       101
      104        98
      104        99
      104        88
      104        94
      106       107
      106       101
      106       103
      107       103
      107       105
       91        92
       91        74
       91        90
       91        93
       91        86
       91        87
       92        90
       92        93
       92        87
       32        97
       32        94
       97        94
       97        95
       97        96
       97       109
      113       114
      113       115
      113       108
      113       112
      113       109
      114       115
      114       128
      114       112
      114       109
      115       112
       82        84
       82        71
       82        76
       82        77
       82        79
       66        72
       66        69
       66        71
       66        64
       66        65
       66        68
       66        73
       66        77
       66        78
       66        67
       72        74
       72        75
       72        65
       72        73
       72        76
       72        77
       74        75
       74        86
       74        87
       74        73
       74        76
       75        87
       75        73
       45        46
       45        50
       45        51
       46       126
       46        51
       46       116
      126       128
      126       116
      126       123
      126       120
      126       121
      128       129
      128       123
      128       125
      129       125
      129       127
       84        85
       84        79
       84        81
       85        83
       85        81
       69        71
       69        65
       69        68
       69        70
       69        67
       71        65
       71        68
       71        70
       71        79
       52        64
       52        65
       52        68
       52        50
       52        51
       52        54
       52        55
       52        60
       52        57
       64        65
       64        68
       64        51
       64        55
       64       119
       64        67
       65        68
       65        67
       68        70
       68        67
       50        51
       50        54
       51        54
       51        55
       51       119
       54        55
       54        56
       54        60
       54        57
       55        56
       55        60
       55        57
       56        59
       56        57
       56        58
       59        61
       59        62
       59        63
       59        57
       59        58
       60        62
       60        57
       61        63
       61        58
       62        63
       62        57
      101       103
      101        98
      101        99
      101       100
      101        88
      101        89
      101        94
      102       103
      102       105
      102       100
      103       105
      103       100
       98        99
       98       100
       98        88
       98        89
       98        94
       98        95
       98        96
       98       108
       99       100
       99        88
       99        89
       99        94
       99        95
      100        89
       90        93
       90        86
       90        87
       90        88
       90        89
       86        87
       86        88
       86        73
       86        76
       87        88
       87        89
       87        94
       88        89
       88        94
       88        95
       89        94
       89        95
       94        95
       94        96
       95        96
       95       108
       96       108
       96       109
      108       112
      108       109
      108       110
      112       109
      112       110
      112       111
       73        76
       73        77
       73        78
       73        67
       76        77
       76        78
       77        78
       77        79
       77        67
       78        79
       78        80
       78        81
       78        67
      109       110
      109       116
      109       111
      110       116
      110       117
      110       111
      110       123
      110       120
      110       121
      116       117
      116       119
      116       111
      116       123
      116       118
      116       120
      116       121
      117       111
      117       118
      117       120
      117       121
      119       118
      111       121
      111       122
      123       125
      123       120
      123       121
      123       122
      124       125
      124       127
      124       122
      125       127
      125       122
       83        80
       83        81
       79        81
       80        81
      118       120
      120       121
      120       122
      121       122
      229       230       231
      229       230       228
      229       230       219
      229       231       234
      229       231       218
      229       231       219
      229       231       224
      229       234       228
      229       225       228
      229       225       218
      229       225       219
      229       225       224
      229       228       218
      229       228       219
      229       228       224
      229       218       219
      229       218       224
      229       219       224
      230       231       233
      230       232       233
      231       233       236
      231       234       236
      231       234       218
      231       234       224
      231       228       218
      231       228       224
      231       218       219
      231       218       224
      232       233       235
      233       235       237
      233       236       237
      234       218       224
      223       220       221
      223       221       222
      245       242       243
      245       243       244
      225       226       228
      225       226       238
      225       226       224
      225       226       227
      225       228       238
      225       228       218
      225       228       224
      225       218       219
      225       218       224
      225       219       224
      225       224       227
      226       228       238
      226       238       239
      226       224       227
      226       239       227
      228       218       224
      228       219       224
      238       242       239
      238       242       243
      238       239       240
      238       239       243
      217       218       219
      217       218       224
      217       218       216
      217       218       220
      217       219       220
      217       216       220
      217       216       221
      217       216       204
      217       220       221
      217       220       222
      217       221       222
      217       204       205
      218       219       220
      216       220       221
      216       221       204
      216       203       204
      216       203       206
      216       204       206
      220       221       222
      242       239       240
      242       239       241
      242       239       243
      242       239       244
      242       240       241
      242       243       244
      257       254       255
      257       255       259
      239       240       241
      239       240       246
      239       243       244
      240       241       251
      240       241       247
      240       246       251
      240       246       253
      240       246       247
      240       246       250
      240       251       253
      240       251       247
      240       251       250
      240       253       250
      240       247       250
      241       246       251
      241       246       247
      241       251       252
      241       251       247
      246       251       253
      246       251       247
      246       251       250
      246       253       256
      246       253       250
      246       247       248
      246       247       250
      246       248       249
      196       202       203
      196       202       207
      196       202       195
      196       203       207
      196       203       208
      196       203       197
      196       207       208
      196       207       197
      196       208       197
      196       197       199
      196       197       194
      196       197       195
      196       197       198
      196       199       195
      196       199       198
      196       199       201
      196       194       195
      196       195       198
      196       195       201
      196       198       201
      202       203       204
      202       203       206
      202       203       207
      202       203       205
      202       204       205
      202       206       207
      203       204       206
      203       204       205
      203       206       207
      203       206       208
      203       207       208
      203       207       197
      203       208       197
      206       207       208
      206       207       212
      207       208       209
      207       208       197
      207       209       212
      208       209       211
      208       210       211
      209       211       214
      209       212       214
      251       252       253
      251       252       250
      251       253       256
      251       256       250
      251       247       250
      252       253       255
      252       254       255
      253       255       258
      253       256       258
      255       258       259
      247       248       250
      197       199       195
      197       199       198
      197       194       195
      197       195       198
      199       200       198
      199       200       201
      199       195       198
      199       195       201
      199       198       201
      210       211       213
      211       213       215
      211       215       214
      186       188       189
      186       184       185
      186       185       187
      186       187       189
      188       189       191
      163       165       161
      163       165       162
      163       165       164
      163       165       160
      163       161       162
      163       161       160
      163       162       160
      163       159       164
      163       159       160
      163       159       156
      163       164       160
      163       164       156
      163       160       156
      165       161       160
      165       162       160
      161       162       159
      161       162       167
      161       162       160
      161       159       160
      161       172       166
      161       167       166
      161       160       166
      162       159       160
      159       164       160
      159       164       156
      159       164       157
      159       160       156
      159       160       157
      159       155       156
      173       174       175
      173       174       176
      173       174       168
      173       174       169
      173       174       177
      173       174       178
      173       175       176
      173       167       171
      173       167       168
      173       171       168
      173       168       178
      173       169       178
      173       177       178
      174       175       176
      174       175       180
      174       175       177
      174       175       179
      174       176       177
      174       176       179
      174       168       169
      174       168       178
      174       169       178
      174       177       178
      174       177       179
      175       176       181
      175       176       177
      175       180       181
      175       180       179
      175       177       179
      176       177       179
      149       155       148
      149       147       148
      149       147       146
      149       147       150
      149       148       146
      149       148       150
      152       212       214
      152       148       150
      152       148       151
      152       150       151
      152       151       153
      180       181       184
      180       181       182
      180       181       183
      180       182       183
      181       184       185
      181       184       182
      181       184       183
      181       185       182
      181       185       194
      181       182       183
      181       182       194
      184       185       182
      184       185       190
      184       182       183
      184       182       187
      184       182       190
      184       187       190
      185       182       194
      185       182       187
      185       182       190
      185       187       190
      182       183       195
      182       183       190
      182       194       195
      182       194       198
      182       195       198
      182       187       190
      194       195       198
      195       198       201
      187       189       192
      187       190       192
      189       191       193
      189       192       193
      172       167       170
      172       167       166
      172       170       171
      172       170       166
      164       160       156
      164       160       157
      164       156       157
      167       170       171
      167       170       166
      167       170       168
      167       171       168
      167       166       168
      167       166       169
      167       168       169
      170       171       168
      160       156       157
      166       168       169
      155       156       157
      155       156       158
      155       156       154
      155       157       158
      155       157       154
      155       158       154
      155       148       154
      156       157       158
      156       157       154
      168       169       178
      177       178       179
        3       147       154
        3         0         1
        3         0         2
        3         1         4
        3         1         2
        3         4         2
        3         2         8
      147       148       154
      147       148       146
      147       148       150
      147       148       151
      147       143       146
      147       143       144
      147       146       150
      147       150       151
      148       150       151
      139       140       141
      139       140       142
      139       140       145
      139       140       138
      139       141       142
      139       141       145
      139       141       138
      139       141        14
      139       142       145
      139       137       138
      139       138        14
      140       141       142
      140       141       145
      140       142       145
      141       142       143
      141       142       145
      141       142       144
      141       143       144
      141       138        14
      142       143       145
      142       143       146
      142       143       144
      150       151       153
      135       131       134
      135       131       132
      135       134       136
      135       134       132
      130       131       134
      130       131       136
      130       131       132
      130       131       133
      130       134       136
      130       132       133
      131       134       136
      131       134       132
      131       134       133
      131       132       133
      131       132       137
      134       132       133
        0         1         4
        0         1         6
        0         1         2
        0         4         6
        1         4         6
        1         4         5
        1         4         2
        1         5         2
        1         2         7
        4         6         5
        4         5         2
      132       133       138
      132       137       138
      133        17        24
        2         7         8
        7         8         9
        8         9        11
        8         9       144
        8         9        10
        8        11       144
       14        11        12
       14        11        13
       14        17        13
       14        12        13
       15         9        11
       15         9        12
       15         9        10
       15        11        12
       15        11        10
       15        12        13
       15        12        10
        9        11       144
        9        11        12
        9        11        10
        9        12        10
       11        12        13
       11        12        10
       34        33        35
       34        33        26
       34        33        29
       34        33        30
       34        26        27
       34        26        29
       34        26        30
       34        27        29
       34        27        30
       34        29        30
       33        35        30
       33        35        31
       33        35        32
       33        26        29
       33        26        30
       33        29        30
       33        30        31
       33        30        32
       33        31        32
       35        30        31
       35        30        32
       42        31        36
       42        36        37
       42        36        40
       42        37        40
       42        40        41
       26        27        28
       26        27        30
       26        27        24
       26        27        25
       26        28        25
       26        29        30
       26        29        25
       26        24        25
       27        28        25
       27        29        30
       27        24        25
       28        24        25
       29        30        31
       29        30        32
       29        31        32
       30        31        36
       30        31        32
       31        36        37
       31        37        32
       36        37        38
       36        37        40
       36        37        39
       36        38        39
       37        38        40
       37        38        41
       37        38        39
       37        38        43
       37        40        41
       37        41        43
       38        40        41
       38        41        43
       38        39        44
       38        39        48
       38        43        44
       38        43        48
       38        44        48
       17        18        19
       17        18        24
       17        18        20
       17        18        21
       17        18        16
       17        19        20
       17        19        16
       17        20        21
       17        20        16
       17        13        16
       18        19        25
       18        19        20
       18        19        16
       18        24        25
       18        20        21
       18        20        22
       18        21        22
       39        43        44
       39        43        48
       39        44        48
       43        44        47
       43        44        48
       43        44        45
       43        44        46
       43        47        48
       43        45        46
       44        47        48
       44        47        49
       44        47        45
       44        47        46
       44        49        45
       44        49        46
       44        45        46
       44        45        50
       47        48        49
       47        49        45
       47        49        46
       47        45        46
       49        45        50
       23        20        21
       23        21        22
       20        21        22
       22        82        84
       12        13        16
       53        52        65
       53        52        50
       53        52        51
       53        52        54
       53        52        60
       53        50        51
       53        51        54
      104       106       101
      104       101        99
      104       101        88
      104       101        94
      104        98        99
      104        88        94
      106       107       103
      106       101       103
      107       103       105
       91        92        90
       91        92        93
       91        92        87
       91        74        86
       91        90        93
       91        90        86
       91        90        87
       91        86        87
       92        90        87
       97        94        95
       97        94        96
       97        95        96
       97        96       109
      113       114       115
      113       114       112
      113       114       109
      113       115       112
      113       108       112
      113       108       109
      113       112       109
      114       112       109
       82        84        79
       82        76        77
       82        77        79
       66        72        65
       66        72        73
       66        72        77
       66        69        71
       66        69        65
       66        69        68
       66        69        67
       66        71        65
       66        71        68
       66        64        65
       66        64        67
       66        65        68
       66        65        67
       66        68        67
       66        73        77
       66        73        78
       66        73        67
       66        77        78
       66        77        67
       66        78        67
       72        74        75
       72        74        73
       72        75        73
       72        73        76
       72        73        77
       72        76        77
       74        75        87
       74        75        73
       74        86        87
       74        86        73
       74        86        76
       74        73        76
       45        46        51
       45        50        51
      126       128       123
      126       116       123
      126       123       121
      126       120       121
      128       129       125
      128       123       125
      129       125       127
       84        85        81
       84        79        81
       85        83        81
       69        71        65
       69        71        68
       69        71        70
       69        65        68
       69        65        67
       69        68        70
       69        68        67
       71        65        68
       52        64        65
       52        64        68
       52        64        51
       52        64        55
       52        65        68
       52        50        51
       52        51        54
       52        51        55
       52        54        55
       52        54        60
       52        54        57
       52        55        60
       52        55        57
       52        60        57
       64        65        68
       64        65        67
       64        51        55
       65        68        67
       50        51        54
       51        54        55
       54        55        56
       54        55        60
       54        60        57
       55        56        57
       55        60        57
       56        59        57
       56        59        58
       59        61        63
       59        61        58
       59        62        63
       59        62        57
       60        62        57
      101       103       100
      101        98        88
      101        98        94
      101        99       100
      101        99        88
      101        99        89
      101        99        94
      101        88        89
      101        88        94
      102       103       105
      102       103       100
       98        99       100
       98        99        88
       98        99        89
       98        99        94
       98        99        95
       98        88        94
       98        88        95
       98        89        94
       98        94        95
       98        95        96
       98        95       108
       98        96       108
       99       100        89
       99        88        89
       99        88        94
       99        88        95
       99        89        94
       99        89        95
       99        94        95
       90        86        87
       90        87        88
       90        87        89
       90        88        89
       86        87        88
       86        73        76
       87        88        89
       87        88        94
       88        89        95
       88        94        95
       89        94        95
       94        95        96
       95        96       108
       96       108       109
      108       112       109
      108       109       110
      112       109       110
      112       109       111
      112       110       111
       73        76        77
       73        76        78
       73        77        78
       73        77        67
       73        78        67
       76        77        78
       77        78        79
       77        78        67
       78        79        81
       78        80        81
      109       110       116
      109       110       111
      110       116       117
      110       116       123
      110       116       120
      110       116       121
      110       117       111
      110       117       120
      110       117       121
      110       111       121
      110       123       120
      110       123       121
      110       120       121
      116       117       111
      116       117       118
      116       117       120
      116       117       121
      116       119       118
      116       111       121
      116       123       120
      116       123       121
      116       120       121
      117       111       121
      117       118       120
      117       120       121
      111       121       122
      123       125       122
      123       121       122
      124       125       127
      124       125       122
       83        80        81
      120       121       122
      229       231       218       219
      229       231       218       224
      229       225       228       218
      229       225       228       224
      229       225       218       219
      229       225       218       224
      229       225       219       224
      229       228       218       224
      229       228       219       224
      231       234       218       224
      231       228       218       224
      225       226       228       238
      225       226       224       227
      225       228       218       224
      238       242       239       243
      217       218       219       220
      217       216       220       221
      217       220       221       222
      216       203       204       206
      242       239       240       241
      242       239       243       244
      240       241       251       247
      240       246       251       253
      240       246       251       247
      240       246       251       250
      240       246       253       250
      240       246       247       250
      241       246       251       247
      246       251       247       250
      196       202       203       207
      196       203       207       208
      196       203       207       197
      196       203       208       197
      196       197       199       198
      196       197       194       195
      196       197       195       198
      196       199       195       198
      196       199       195       201
      196       195       198       201
      202       203       204       205
      202       203       206       207
      203       206       207       208
      203       207       208       197
      197       199       195       198
      199       195       198       201
      163       165       161       160
      163       165       162       160
      163       161       162       160
      163       159       164       160
      163       159       160       156
      163       164       160       156
      161       162       159       160
      159       164       160       156
      159       164       160       157
      173       174       175       176
      173       174       168       178
      173       174       169       178
      173       174       177       178
      173       167       171       168
      174       175       176       177
      174       175       177       179
      174       176       177       179
      174       168       169       178
      149       147       148       146
      149       147       148       150
      152       148       150       151
      180       181       182       183
      181       184       185       182
      181       184       182       183
      181       185       182       194
      184       185       182       190
      184       182       187       190
      185       182       187       190
      182       194       195       198
      172       167       170       166
      164       160       156       157
      167       170       171       168
      167       166       168       169
      155       156       157       158
      155       156       157       154
        3         0         1         2
        3         1         4         2
      147       148       150       151
      139       140       141       145
      139       140       142       145
      139       141       142       145
      139       141       138        14
      140       141       142       145
      141       142       143       144
      135       131       134       132
      130       131       134       136
      130       131       132       133
      131       134       132       133
        0         1         4         6
        1         4         5         2
        8         9        11       144
       14        11        12        13
       15         9        11        12
       15         9        11        10
       15         9        12        10
       15        11        12        10
       34        33        26        30
       34        33        29        30
       34        26        27        30
       34        26        29        30
       34        27        29        30
       33        35        30        31
       33        35        30        32
       33        26        29        30
       33        30        31        32
       42        36        37        40
       26        27        28        25
       26        27        24        25
       29        30        31        32
       36        37        38        39
       37        38        40        41
       37        38        41        43
       38        39        44        48
       38        43        44        48
       17        18        19        20
       17        18        19        16
       17        18        20        21
       18        20        21        22
       39        43        44        48
       43        44        47        48
       43        44        45        46
       44        47        49        45
       44        47        49        46
       44        47        45        46
       53        52        50        51
       53        52        51        54
      104       101        88        94
       91        92        90        87
       91        90        86        87
       97        94        95        96
      113       114       112       109
      113       108       112       109
       66        72        73        77
       66        69        71        65
       66        69        65        68
       66        69        68        67
       66        71        65        68
       66        64        65        67
       66        65        68        67
       66        73        77        78
       66        73        77        67
       66        73        78        67
       72        74        75        73
       72        73        76        77
       74        86        73        76
       69        71        65        68
       69        65        68        67
       52        64        65        68
       52        64        51        55
       52        51        54        55
       52        54        55        60
       52        54        60        57
       52        55        60        57
      101        98        88        94
      101        99        88        89
      101        99        88        94
       98        99        88        94
       98        99        88        95
       98        99        89        94
       98        99        94        95
       98        88        94        95
       98        95        96       108
       99        88        89        95
       99        88        94        95
       99        89        94        95
       90        87        88        89
      112       109       110       111
       73        76        77        78
       73        77        78        67
      110       116       117       120
      110       116       117       121
      110       116       123       120
      110       116       123       121
      110       116       120       121
      110       117       111       121
      110       117       120       121
      116       117       111       121
      116       117       120       121
